Solución para TYLCV.fna para k de 1 a 3: 

Frecuencia K-Mers para k = 1: 

 - Secuencia 1: 

A: 763 (0.27436173%)
C: 535 (0.19237684%)
G: 604 (0.21718806%)
T: 879 (0.31607336%)

Frecuencia K-Mers para k = 2: 

 - Secuencia 1: 

AA: 242 (0.08705036%)
AC: 114 (0.041007195%)
AG: 145 (0.052158274%)
AT: 261 (0.09388489%)
CA: 153 (0.05503597%)
CC: 140 (0.05035971%)
CG: 084 (0.030215828%)
CT: 158 (0.056834534%)
GA: 177 (0.06366906%)
GC: 109 (0.039208632%)
GG: 143 (0.05143885%)
GT: 175 (0.06294964%)
TA: 191 (0.06870504%)
TC: 172 (0.061870504%)
TG: 232 (0.08345324%)
TT: 284 (0.10215827%)

Frecuencia K-Mers para k = 3: 

 - Secuencia 1: 

AAA: 78 (0.02806765%)
AAC: 28 (0.010075566%)
AAG: 47 (0.016912559%)
AAT: 89 (0.032025907%)
ACA: 37 (0.013314142%)
ACC: 22 (0.007916517%)
ACG: 25 (0.0089960415%)
ACT: 30 (0.010795251%)
AGA: 39 (0.014033825%)
AGC: 28 (0.010075566%)
AGG: 43 (0.015473192%)
AGT: 35 (0.012594459%)
ATA: 61 (0.021950342%)
ATC: 46 (0.016552716%)
ATG: 70 (0.025188917%)
ATT: 84 (0.0302267%)
CAA: 42 (0.01511335%)
CAC: 26 (0.009355883%)
CAG: 34 (0.012234617%)
CAT: 51 (0.018351926%)
CCA: 43 (0.015473192%)
CCC: 42 (0.01511335%)
CCG: 18 (0.00647715%)
CCT: 37 (0.013314142%)
CGA: 24 (0.0086362%)
CGC: 16 (0.005757467%)
CGG: 13 (0.0046779416%)
CGT: 31 (0.011155092%)
CTA: 31 (0.011155092%)
CTC: 29 (0.010435408%)
CTG: 45 (0.016192876%)
CTT: 53 (0.019071609%)
GAA: 68 (0.024469234%)
GAC: 22 (0.007916517%)
GAG: 38 (0.0136739835%)
GAT: 49 (0.017632242%)
GCA: 31 (0.011155092%)
GCC: 39 (0.014033825%)
GCG: 14 (0.005037783%)
GCT: 25 (0.0089960415%)
GGA: 47 (0.016912559%)
GGC: 33 (0.011874775%)
GGG: 26 (0.009355883%)
GGT: 37 (0.013314142%)
GTA: 35 (0.012594459%)
GTC: 39 (0.014033825%)
GTG: 42 (0.01511335%)
GTT: 59 (0.021230659%)
TAA: 54 (0.01943145%)
TAC: 38 (0.0136739835%)
TAG: 26 (0.009355883%)
TAT: 72 (0.0259086%)
TCA: 42 (0.01511335%)
TCC: 37 (0.013314142%)
TCG: 27 (0.009715725%)
TCT: 66 (0.02374955%)
TGA: 67 (0.024109391%)
TGC: 32 (0.011514934%)
TGG: 61 (0.021950342%)
TGT: 72 (0.0259086%)
TTA: 63 (0.022670025%)
TTC: 58 (0.020870816%)
TTG: 75 (0.026988124%)
TTT: 88 (0.031666066%)

