Solución para E.colik12.fasta para k de 1 a 3: 

Frecuencia K-Mers para k = 1: 

 - Secuencia 1: 

A: 1142228 (0.24618708%)
C: 1179554 (0.25423202%)
G: 1176923 (0.25366497%)
T: 1140970 (0.24591593%)

Frecuencia K-Mers para k = 2: 

 - Secuencia 1: 

AA: 337870 (0.07282193%)
AC: 256662 (0.055318974%)
AG: 237877 (0.051270198%)
AT: 309819 (0.06677603%)
CA: 325149 (0.07008014%)
CC: 271673 (0.05855433%)
CG: 346670 (0.07471861%)
CT: 236061 (0.05087879%)
GA: 267247 (0.057600383%)
GC: 383931 (0.08274956%)
GG: 270137 (0.05822327%)
GT: 255608 (0.055091802%)
TA: 211961 (0.04568446%)
TC: 267288 (0.05760922%)
TG: 322239 (0.06945294%)
TT: 339482 (0.073169366%)

Frecuencia K-Mers para k = 3: 

 - Secuencia 1: 

AAA: 108924 (0.023476655%)
AAC: 082582 (0.0177991%)
AAG: 063369 (0.013658075%)
AAT: 082995 (0.017888114%)
ACA: 058637 (0.012638175%)
ACC: 074897 (0.016142733%)
ACG: 073263 (0.015790552%)
ACT: 049865 (0.010747525%)
AGA: 056621 (0.012203662%)
AGC: 080860 (0.017427953%)
AGG: 050624 (0.010911114%)
AGT: 049772 (0.01072748%)
ATA: 063697 (0.0137287695%)
ATC: 086486 (0.018640539%)
ATG: 076238 (0.016431762%)
ATT: 083398 (0.017974975%)
CAA: 076614 (0.016512802%)
CAC: 066751 (0.014387005%)
CAG: 104799 (0.022587582%)
CAT: 076985 (0.016592763%)
CCA: 086436 (0.018629761%)
CCC: 047775 (0.010297062%)
CCG: 087036 (0.018759081%)
CCT: 050426 (0.0108684385%)
CGA: 070938 (0.01528944%)
CGC: 115695 (0.024936024%)
CGG: 086877 (0.01872481%)
CGT: 073160 (0.015768353%)
CTA: 026764 (0.00576851%)
CTC: 042733 (0.009210347%)
CTG: 102909 (0.022180228%)
CTT: 063655 (0.013719717%)
GAA: 083494 (0.017995665%)
GAC: 054737 (0.011797599%)
GAG: 042465 (0.009152585%)
GAT: 086551 (0.018654548%)
GCA: 096028 (0.020697149%)
GCC: 092973 (0.020038696%)
GCG: 114632 (0.024706913%)
GCT: 080298 (0.017306823%)
GGA: 056197 (0.012112276%)
GGC: 092144 (0.01986002%)
GGG: 047495 (0.010236713%)
GGT: 074301 (0.016014276%)
GTA: 052672 (0.011352524%)
GTC: 054221 (0.011686384%)
GTG: 066117 (0.014250358%)
GTT: 082598 (0.017802548%)
TAA: 068838 (0.014836822%)
TAC: 052592 (0.011335282%)
TAG: 027243 (0.00587175%)
TAT: 063288 (0.013640616%)
TCA: 084048 (0.01811507%)
TCC: 056028 (0.012075851%)
TCG: 071739 (0.015462081%)
TCT: 055472 (0.011956015%)
TGA: 083491 (0.017995019%)
TGC: 095232 (0.020525584%)
TGG: 085141 (0.018350646%)
TGT: 058375 (0.012581706%)
TTA: 068828 (0.014834666%)
TTC: 083848 (0.018071963%)
TTG: 076975 (0.016590608%)
TTT: 109831 (0.023672143%)

