Solución para E.colik12.fasta para k = 2: 

Frecuencia K-Mers para k = 2: 

 - Secuencia 1: 

AA: 337870 (0.07282193%)
AC: 256662 (0.055318974%)
AG: 237877 (0.051270198%)
AT: 309819 (0.06677603%)
CA: 325149 (0.07008014%)
CC: 271673 (0.05855433%)
CG: 346670 (0.07471861%)
CT: 236061 (0.05087879%)
GA: 267247 (0.057600383%)
GC: 383931 (0.08274956%)
GG: 270137 (0.05822327%)
GT: 255608 (0.055091802%)
TA: 211961 (0.04568446%)
TC: 267288 (0.05760922%)
TG: 322239 (0.06945294%)
TT: 339482 (0.073169366%)

