Solución para TYLCV.fna para k = 2: 

Frecuencia K-Mers para k = 2: 

 - Secuencia 1: 

AA: 242 (0.08705036%)
AC: 114 (0.041007195%)
AG: 145 (0.052158274%)
AT: 261 (0.09388489%)
CA: 153 (0.05503597%)
CC: 140 (0.05035971%)
CG: 084 (0.030215828%)
CT: 158 (0.056834534%)
GA: 177 (0.06366906%)
GC: 109 (0.039208632%)
GG: 143 (0.05143885%)
GT: 175 (0.06294964%)
TA: 191 (0.06870504%)
TC: 172 (0.061870504%)
TG: 232 (0.08345324%)
TT: 284 (0.10215827%)

